	1	2	3	4	5	6	7	8	9	10	11	12	13	14	15	16	17	18	19	20	21	22	23	24	25	26	27	28	29	30	31	32	33	34	35	36	37	38	39	40	41	42	43	44	45
1	0.0000	58.424	65.175	134.982	44.618	65.163	66.624	75.357	28.344	32.082	61.580	41.352	106.685	55.128	94.066	474.902	94.525	63.321	74.048	0.7381	13.287	54.819	0.6116	41.733	11.673	15.573	17.807	116.516	154.832	32.818	117.526	90.353	70.676	75.082	158.780	131.766	145.209	75.073	88.172	85.778	235.128	95.971	48.285	123.657	120.198
2	58.424	0.0000	135.190	28.545	83.911	0.1152	58.748	97.818	61.079	50.297	54.589	99.429	63.002	52.084	80.364	472.732	28.076	33.228	18.478	57.438	51.467	70.679	43.087	45.801	23.747	42.137	66.919	31.031	88.091	73.336	65.633	59.225	82.953	100.211	174.886	107.668	156.067	116.123	152.134	166.465	136.383	60.765	68.163	39.572	115.809
3	65.175	135.190	0.0000	219.910	48.515	152.967	172.011	226.611	170.512	133.939	165.559	174.281	170.726	114.800	75.597	542.646	168.253	133.082	152.649	48.377	110.016	80.400	88.405	136.735	76.839	112.981	119.697	169.524	143.092	33.143	186.824	224.650	152.066	148.359	332.360	248.570	93.828	105.867	200.575	104.336	320.212	150.686	79.366	217.414	112.340
4	134.982	28.545	219.910	0.0000	164.186	29.569	147.123	199.221	135.443	127.397	137.209	188.459	120.400	120.335	158.591	516.326	54.902	31.571	13.046	114.800	105.287	78.633	109.488	59.746	71.324	81.226	108.622	0.8105	68.979	123.465	94.658	103.111	127.551	140.401	174.318	99.738	203.150	160.605	186.969	209.811	133.340	134.832	141.655	63.403	204.231
5	44.618	83.911	48.515	164.186	0.0000	101.454	59.631	101.010	88.091	39.577	52.160	68.440	187.998	121.982	104.799	496.706	155.034	117.023	96.232	32.582	96.468	67.220	73.271	75.458	46.365	70.673	92.229	132.235	96.617	20.616	71.157	91.244	122.147	141.557	268.464	157.696	72.278	72.860	149.551	99.208	164.289	106.393	69.771	167.673	62.398
6	65.163	0.1152	152.967	29.569	101.454	0.0000	63.672	99.651	62.046	57.126	60.275	106.198	56.285	50.908	86.076	479.849	24.631	37.322	23.853	68.344	52.330	84.804	45.138	53.911	29.446	47.078	71.451	35.803	105.762	89.384	78.514	65.061	88.487	105.707	176.022	117.295	180.349	132.929	162.393	185.744	150.941	63.804	76.110	36.911	131.289
7	66.624	58.748	172.011	147.123	59.631	63.672	0.0000	13.711	35.292	10.309	0.1985	32.866	142.611	99.685	128.389	498.872	115.203	133.784	100.424	83.761	97.671	149.033	73.699	92.108	63.859	78.813	107.502	153.141	182.496	108.146	53.551	26.140	108.307	144.211	221.449	141.850	166.183	122.947	157.633	185.526	127.759	61.821	80.733	100.840	79.137
8	75.357	97.818	226.611	199.221	101.010	99.651	13.711	0.0000	22.260	19.211	17.850	18.953	171.462	119.831	181.342	523.288	150.509	165.736	140.794	105.498	99.804	189.436	80.717	109.745	88.185	86.947	106.257	213.298	265.903	151.350	94.578	36.058	116.311	150.748	195.129	153.575	230.433	146.038	142.552	202.010	177.243	93.525	106.337	133.053	128.626
9	28.344	61.079	170.512	135.443	88.091	62.046	35.292	22.260	0.0000	15.800	33.869	13.574	124.128	76.591	151.569	486.260	101.603	86.799	81.906	49.661	31.284	108.714	26.159	48.474	36.153	26.242	33.588	141.542	209.012	96.171	99.957	41.757	74.394	91.857	121.720	108.357	210.304	106.839	84.975	138.789	194.055	94.808	78.316	105.840	147.585
10	32.082	50.297	133.939	127.397	39.577	57.126	10.309	19.211	15.800	0.0000	0.6883	11.985	144.400	91.591	130.952	478.426	111.863	96.184	71.982	42.539	56.772	94.406	42.042	48.594	32.336	37.253	56.806	124.019	149.573	65.212	55.612	25.967	88.676	114.731	176.100	111.753	149.967	91.242	110.390	133.177	138.536	79.318	70.602	109.633	93.894
11	61.580	54.589	165.559	137.209	52.160	60.275	0.1985	17.850	33.869	0.6883	0.0000	28.149	155.244	110.352	140.180	497.939	122.466	128.136	89.609	75.691	91.235	134.012	70.404	79.357	54.988	68.900	98.060	138.257	162.312	94.370	54.047	27.046	119.766	155.007	227.519	143.053	170.621	127.430	161.326	186.537	129.506	77.847	91.455	112.468	91.997
12	41.352	99.429	174.281	188.459	68.440	106.198	32.866	18.953	13.574	11.985	28.149	0.0000	201.265	132.122	196.678	508.194	169.932	134.937	114.914	59.011	65.721	123.439	56.288	63.677	57.092	46.632	57.215	184.772	215.859	93.666	99.030	45.775	112.648	136.566	169.681	131.486	204.525	113.192	101.605	142.877	192.025	131.582	107.025	167.931	147.698
13	106.685	63.002	170.726	120.400	187.998	56.285	142.611	171.462	124.128	144.400	155.244	201.265	0.0000	12.474	40.877	530.135	14.964	84.168	119.628	125.184	87.705	173.998	72.013	157.751	94.486	121.043	131.313	136.126	248.813	173.453	182.520	165.901	80.360	83.850	202.749	195.841	220.766	166.200	197.985	213.434	284.130	48.844	59.947	38.134	147.084
14	55.128	52.084	114.800	120.335	121.982	50.908	99.685	119.831	76.591	91.591	110.352	132.122	12.474	0.0000	28.321	490.789	20.928	61.524	96.127	69.357	51.687	121.338	35.608	108.508	56.986	75.248	80.937	127.815	212.632	114.096	135.795	119.790	39.654	42.870	153.922	143.416	155.251	97.244	124.666	131.781	239.389	30.899	21.400	40.450	99.195
15	94.066	80.364	75.597	158.591	104.799	86.076	128.389	181.342	151.569	130.952	140.180	196.678	40.877	28.321	0.0000	520.155	52.623	105.872	134.164	95.066	117.286	142.571	86.355	164.787	92.098	136.037	152.307	151.052	189.701	111.814	142.275	170.303	82.560	89.162	268.393	204.449	103.119	109.135	198.909	150.199	245.387	33.937	27.485	74.006	57.962
16	474.902	472.732	542.646	516.326	496.706	479.849	498.872	523.288	486.260	478.426	497.939	508.194	530.135	490.789	520.155	0.0000	495.880	476.315	478.400	469.844	484.215	490.580	474.039	474.560	464.551	470.951	484.311	514.325	548.132	491.730	494.753	490.455	481.354	493.085	562.209	508.812	539.923	489.963	516.395	520.969	568.998	497.205	476.031	501.594	523.202
17	94.525	28.076	168.253	54.902	155.034	24.631	115.203	150.509	101.603	111.863	122.466	169.932	14.964	20.928	52.623	495.880	0.0000	39.218	58.281	98.554	73.951	117.712	63.563	98.969	66.198	85.125	101.190	72.134	165.037	136.059	114.133	108.564	56.467	64.129	149.691	119.602	174.118	123.724	152.865	173.369	186.738	41.687	53.371	11.345	127.434
18	63.321	33.228	133.082	31.571	117.023	37.322	133.784	165.736	86.799	96.184	128.136	134.937	84.168	61.524	105.872	476.315	39.218	0.0000	15.303	46.885	42.442	30.558	46.931	27.087	33.169	32.517	40.227	31.077	89.083	69.485	96.326	96.644	52.567	51.264	94.864	61.192	140.316	75.559	85.231	95.136	163.718	101.863	69.313	58.533	158.661
19	74.048	18.478	152.649	13.046	96.232	23.853	100.424	140.794	81.906	71.982	89.609	114.914	119.628	96.127	134.164	478.400	58.281	15.303	0.0000	55.459	60.702	34.079	63.053	18.453	30.449	34.581	55.431	11.191	50.781	63.765	62.573	65.820	88.360	99.780	137.076	66.826	147.392	98.867	120.919	134.086	115.448	111.921	97.253	68.470	155.414
20	0.7381	57.438	48.377	114.800	32.582	68.344	83.761	105.498	49.661	42.539	75.691	59.011	125.184	69.357	95.066	469.844	98.554	46.885	55.459	0.0000	23.795	24.221	17.951	27.787	10.360	15.220	19.382	90.521	106.395	12.263	98.946	92.861	68.712	70.962	155.396	108.838	106.074	52.958	79.219	58.934	203.914	105.395	48.834	126.933	111.680
21	13.287	51.467	110.016	105.287	96.468	52.330	97.671	99.804	31.284	56.772	91.235	65.721	87.705	51.687	117.286	484.215	73.951	42.442	60.702	23.795	0.0000	59.638	0.3703	36.520	14.527	0.9690	0.7530	95.759	171.117	61.458	148.635	105.645	74.216	72.730	125.793	127.831	204.872	106.480	91.858	115.299	264.625	117.023	71.776	109.326	180.515
22	54.819	70.679	80.400	78.633	67.220	84.804	149.033	189.436	108.714	94.406	134.012	123.439	173.998	121.338	142.571	490.580	117.712	30.558	34.079	24.221	59.638	0.0000	63.104	21.202	32.994	33.908	41.144	51.233	51.180	20.239	102.907	121.830	96.776	94.299	155.732	88.718	105.109	63.946	95.043	64.403	181.070	159.908	94.461	146.118	160.479
23	0.6116	43.087	88.405	109.488	73.271	45.138	73.699	80.717	26.159	42.042	70.404	56.288	72.013	35.608	86.355	474.039	63.563	46.931	63.053	17.951	0.3703	63.104	0.0000	42.650	10.814	13.701	15.283	99.863	165.586	52.645	127.542	92.259	62.540	65.037	139.172	128.325	173.246	91.154	93.221	106.751	243.342	86.165	48.611	94.343	138.380
24	41.733	45.801	136.735	59.746	75.458	53.911	92.108	109.745	48.474	48.594	79.357	63.677	157.751	108.508	164.787	474.560	98.969	27.087	18.453	27.787	36.520	21.202	42.650	0.0000	20.595	0.9571	19.143	50.881	81.666	43.992	74.604	59.028	78.828	86.367	104.406	56.885	149.669	73.559	70.231	89.436	143.358	136.602	94.877	111.850	166.042
25	11.673	23.747	76.839	71.324	46.365	29.446	63.859	88.185	36.153	32.336	54.988	57.092	94.486	56.986	92.098	464.551	66.198	33.169	30.449	10.360	14.527	32.994	10.814	20.595	0.0000	0.8017	19.027	55.810	95.007	25.499	89.287	73.626	76.385	83.875	158.206	110.426	141.043	83.654	105.323	104.834	187.867	91.842	58.273	93.136	124.436
26	15.573	42.137	112.981	81.226	70.673	47.078	78.813	86.947	26.242	37.253	68.900	46.632	121.043	75.248	136.037	470.951	85.125	32.517	34.581	15.220	0.9690	33.908	13.701	0.9571	0.8017	0.0000	0.4144	70.885	120.435	41.570	101.001	69.701	71.306	75.838	112.035	87.177	168.980	81.764	73.015	94.416	195.069	119.402	75.756	108.460	161.761
27	17.807	66.919	119.697	108.622	92.229	71.451	107.502	106.257	33.588	56.806	98.060	57.215	131.313	80.937	152.307	484.311	101.190	40.227	55.431	19.382	0.7530	41.144	15.283	19.143	19.027	0.4144	0.0000	97.059	155.067	53.534	135.256	96.000	72.476	70.346	99.515	97.002	189.783	85.869	62.397	86.775	239.210	141.818	83.816	130.490	190.044
28	116.516	31.031	169.524	0.8105	132.235	35.803	153.141	213.298	141.542	124.019	138.257	184.772	136.126	127.815	151.052	514.325	72.134	31.077	11.191	90.521	95.759	51.233	99.863	50.881	55.810	70.885	97.059	0.0000	38.908	85.033	103.194	121.877	143.232	152.346	207.560	120.349	182.436	154.312	195.602	192.224	156.187	152.155	141.298	93.544	200.377
29	154.832	88.091	143.092	68.979	96.617	105.762	182.496	265.903	209.012	149.573	162.312	215.859	248.813	212.632	189.701	548.132	165.037	89.083	50.781	106.395	171.117	51.180	165.586	81.666	95.007	120.435	155.067	38.908	0.0000	65.923	93.130	154.011	199.986	214.633	302.788	151.947	120.619	146.044	235.046	178.567	134.600	203.348	175.339	180.194	177.701
30	32.818	73.336	33.143	123.465	20.616	89.384	108.146	151.350	96.171	65.212	94.370	93.666	173.453	114.096	111.814	491.730	136.059	69.485	63.765	12.263	61.458	20.239	52.645	43.992	25.499	41.570	53.534	85.033	65.923	0.0000	103.525	122.834	117.385	121.903	230.389	143.935	90.915	72.897	131.038	79.071	204.617	140.166	79.479	168.808	116.659
31	117.526	65.633	186.824	94.658	71.157	78.514	53.551	94.578	99.957	55.612	54.047	99.030	182.520	135.795	142.275	494.753	114.133	96.326	62.573	98.946	148.635	102.907	127.542	74.604	89.287	101.001	135.256	103.194	93.130	103.525	0.0000	22.815	86.085	119.047	176.995	58.614	78.877	68.230	124.224	128.946	22.099	72.467	84.566	82.106	61.330
32	90.353	59.225	224.650	103.111	91.244	65.061	26.140	36.058	41.757	25.967	27.046	45.775	165.901	119.790	170.303	490.455	108.564	96.644	65.820	92.861	105.645	121.830	92.259	59.028	73.626	69.701	96.000	121.877	154.011	122.834	22.815	0.0000	77.991	111.119	130.507	58.226	153.644	91.076	99.808	150.088	60.611	77.248	92.006	78.616	103.162
33	70.676	82.953	152.066	127.551	122.147	88.487	108.307	116.311	74.394	88.676	119.766	112.648	80.360	39.654	82.560	481.354	56.467	52.567	88.360	68.712	74.216	96.776	62.540	78.828	76.385	71.306	72.476	143.232	199.986	117.385	86.085	77.991	0.0000	0.3966	59.732	47.439	102.278	29.246	34.417	54.443	152.277	46.571	21.026	49.717	88.602
34	75.082	100.211	148.359	140.401	141.557	105.707	144.211	150.748	91.857	114.731	155.007	136.566	83.850	42.870	89.162	493.085	64.129	51.264	99.780	70.962	72.730	94.299	65.037	86.367	83.875	75.838	70.346	152.346	214.633	121.903	119.047	111.119	0.3966	0.0000	56.231	59.130	114.734	34.131	33.018	47.709	193.934	68.414	28.465	66.685	115.320
35	158.780	174.886	332.360	174.318	268.464	176.022	221.449	195.129	121.720	176.100	227.519	169.681	202.749	153.922	268.393	562.209	149.691	94.864	137.076	155.396	125.793	155.732	139.172	104.406	158.206	112.035	99.515	207.560	302.788	230.389	176.995	130.507	59.732	56.231	0.0000	42.988	257.951	107.485	31.506	116.549	220.466	188.742	146.608	134.569	272.774
36	131.766	107.668	248.570	99.738	157.696	117.295	141.850	153.575	108.357	111.753	143.053	131.486	195.841	143.416	204.449	508.812	119.602	61.192	66.826	108.838	127.831	88.718	128.325	56.885	110.426	87.177	97.002	120.349	151.947	143.935	58.614	58.226	47.439	59.130	42.988	0.0000	129.891	50.487	37.996	79.467	76.257	128.058	104.020	92.399	157.178
37	145.209	156.067	93.828	203.150	72.278	180.349	166.183	230.433	210.304	149.967	170.621	204.525	220.766	155.251	103.119	539.923	174.118	140.316	147.392	106.074	204.872	105.109	173.246	149.669	141.043	168.980	189.783	182.436	120.619	90.915	78.877	153.644	102.278	114.734	257.951	129.891	0.0000	38.249	146.167	64.349	129.666	108.959	69.687	164.779	40.747
38	75.073	116.123	105.867	160.605	72.860	132.929	122.947	146.038	106.839	91.242	127.430	113.192	166.200	97.244	109.135	489.963	123.724	75.559	98.867	52.958	106.480	63.946	91.154	73.559	83.654	81.764	85.869	154.312	146.044	72.897	68.230	91.076	29.246	34.131	107.485	50.487	38.249	0.0000	35.263	11.960	129.400	87.516	36.096	116.722	67.997
39	88.172	152.134	200.575	186.969	149.551	162.393	157.633	142.552	84.975	110.390	161.326	101.605	197.985	124.666	198.909	516.395	152.865	85.231	120.919	79.219	91.858	95.043	93.221	70.231	105.323	73.015	62.397	195.602	235.046	131.038	124.224	99.808	34.417	33.018	31.506	37.996	146.167	35.263	0.0000	34.635	188.090	145.928	83.670	144.810	171.022
40	85.778	166.465	104.336	209.811	99.208	185.744	185.526	202.010	138.789	133.177	186.537	142.877	213.434	131.781	150.199	520.969	173.369	95.136	134.086	58.934	115.299	64.403	106.751	89.436	104.834	94.416	86.775	192.224	178.567	79.071	128.946	150.088	54.443	47.709	116.549	79.467	64.349	11.960	34.635	0.0000	206.224	149.565	66.022	180.529	123.161
41	235.128	136.383	320.212	133.340	164.289	150.941	127.759	177.243	194.055	138.536	129.506	192.025	284.130	239.389	245.387	568.998	186.738	163.718	115.448	203.914	264.625	181.070	243.342	143.358	187.867	195.069	239.210	156.187	134.600	204.617	22.099	60.611	152.277	193.934	220.466	76.257	129.666	129.400	188.090	206.224	0.0000	141.248	173.173	129.291	125.074
42	95.971	60.765	150.686	134.832	106.393	63.804	61.821	93.525	94.808	79.318	77.847	131.582	48.844	30.899	33.937	497.205	41.687	101.863	111.921	105.395	117.023	159.908	86.165	136.602	91.842	119.402	141.818	152.155	203.348	140.166	72.467	77.248	46.571	68.414	188.742	128.058	108.959	87.516	145.928	149.565	141.248	0.0000	22.218	29.394	36.372
43	48.285	68.163	79.366	141.655	69.771	76.110	80.733	106.337	78.316	70.602	91.455	107.025	59.947	21.400	27.485	476.031	53.371	69.313	97.253	48.834	71.776	94.461	48.611	94.877	58.273	75.756	83.816	141.298	175.339	79.479	84.566	92.006	21.026	28.465	146.608	104.020	69.687	36.096	83.670	66.022	173.173	22.218	0.0000	58.775	39.923
44	123.657	39.572	217.414	63.403	167.673	36.911	100.840	133.053	105.840	109.633	112.468	167.931	38.134	40.450	74.006	501.594	11.345	58.533	68.470	126.933	109.326	146.118	94.343	111.850	93.136	108.460	130.490	93.544	180.194	168.808	82.106	78.616	49.717	66.685	134.569	92.399	164.779	116.722	144.810	180.529	129.291	29.394	58.775	0.0000	109.204
45	120.198	115.809	112.340	204.231	62.398	131.289	79.137	128.626	147.585	93.894	91.997	147.698	147.084	99.195	57.962	523.202	127.434	158.661	155.414	111.680	180.515	160.479	138.380	166.042	124.436	161.761	190.044	200.377	177.701	116.659	61.330	103.162	88.602	115.320	272.774	157.178	40.747	67.997	171.022	123.161	125.074	36.372	39.923	109.204	0.0000
